<Kmean>
k=32
4.91855, 14.4496, -10.0442
8.22437, 20.9569, -5.90908
12.6711, 29.5219, 2.21102
18.1524, 37.0212, 17.142
23.1601, 35.8346, 38.3971
24.57, 20.2184, 55.6493
20.4974, -0.68949, 57.6732
13.0019, -13.6712, 49.4979
5.37026, -17.999, 41.5182
-0.755507, -18.2167, 37.2374
-5.11452, -16.9185, 35.9563
-7.89627, -14.8388, 36.2346
-9.33714, -12.1891, 36.8446
-9.67598, -9.28647, 36.969
-9.19311, -6.57605, 36.2794
-8.20458, -4.41881, 34.8558
-7.00837, -2.95238, 32.9714
-5.83195, -2.11748, 30.8965
-4.81362, -1.7631, 28.8132
-4.01494, -1.73465, 26.8174
-3.44637, -1.91573, 24.95
-3.09194, -2.23588, 23.2262
-2.92715, -2.66342, 21.6523
-2.92973, -3.1949, 20.2344
-3.08513, -3.84628, 18.9837
-3.3886, -4.64653, 17.9203
-3.84533, -5.63271, 17.0787
-4.46924, -6.84439, 16.514
-5.28019, -8.31389, 16.3111
-6.29823, -10.0476, 16.593
-7.53264, -11.9927, 17.5223
-8.96266, -13.9856, 19.2802
-10.5089, -15.6982, 21.995
-12.003, -16.6314, 25.6009
-13.1813, -16.2529, 29.67
-13.7417, -14.3143, 33.3866
-13.4731, -11.1531, 35.8531
-12.3831, -7.61222, 36.5942
-10.7099, -4.55046, 35.784
-8.80077, -2.41339, 33.9893
-6.96346, -1.20089, 31.7717
-5.38945, -0.684197, 29.4891
-4.1544, -0.606093, 27.3073
-3.25561, -0.772187, 25.2801
-2.65154, -1.06496, 23.4142
-2.28983, -1.42781, 21.7026
-2.12305, -1.84488, 20.1381
-2.11567, -2.32565, 18.7173
-2.24613, -2.89534, 17.4425
-2.50655, -3.59005, 16.3238
-2.90165, -4.45457, 15.3826
-3.44752, -5.54083, 14.6578
-4.17016, -6.90426, 14.215
-5.10261, -8.59382, 14.1597
-6.27862, -10.6284, 14.652
-7.71879, -12.9495, 15.9139
-9.40389, -15.3433, 18.2035
-11.2322, -17.3507, 21.7099
-12.9726, -18.2571, 26.3265
-14.2577, -17.3321, 31.3842
-14.6849, -14.3671, 35.6693
-14.0274, -10.0794, 38.0213
-12.399, -5.76791, 38.102
-10.1995, -2.45417, 36.4804
-7.89058, -0.431075, 34.0289
-5.80893, 0.536722, 31.3918
-4.11567, 0.835485, 28.8775
-2.83673, 0.786426, 26.5765
-1.92426, 0.594497, 24.4871
-1.30369, 0.369035, 22.5833
-0.90059, 0.157753, 20.8397
-0.652706, -0.0261115, 19.2369
-0.513077, -0.186393, 17.7605
-0.449046, -0.334293, 16.3993
-0.439739, -0.483752, 15.1443
-0.473459, -0.649865, 13.9881
-0.545602, -0.849013, 12.9242
-0.657289, -1.09997, 11.9479
-0.814731, -1.42561, 11.0566
-1.02927, -1.85517, 10.2506
-1.31807, -2.42699, 9.53533
-1.70539, -3.19176, 8.92504
-2.22443, -4.21594, 8.44903
-2.91948, -5.58418, 8.1632
-3.84762, -7.39721, 8.16948
-5.07796, -9.75692, 8.64683
-6.68335, -12.7196, 9.893
-8.71421, -16.1846, 12.3568
-11.1369, -19.6846, 16.5839
-13.7257, -22.1416, 22.907
-15.9518, -21.9534, 30.7554
-17.0434, -18.013, 38.0898
-16.3943, -11.217, 42.2998
-14.0677, -4.24019, 42.4134
-10.7837, 0.755722, 39.7192
-7.38884, 3.4042, 36.0936
-4.43167, 4.41534, 32.6524
-2.10719, 4.59608, 29.727
-0.385836, 4.4865, 27.288
0.857445, 4.37529, 25.2274
1.76677, 4.39673, 23.4586
2.47165, 4.6068, 21.9333
3.07727, 5.0279, 20.6344
3.6656, 5.67176, 19.5695
4.30015, 6.54848, 18.7679
5.03038, 7.66589, 18.2826
5.8937, 9.02007, 18.1936
6.91306, 10.5758, 18.6089
8.08862, 12.2362, 19.6548
9.38265, 13.8059, 21.4416
10.7003, 14.9707, 23.9894
11.8772, 15.3381, 27.1217
12.6952, 14.5862, 30.3878
12.9449, 12.6848, 33.1341
12.5201, 10.0151, 34.7727
11.4824, 7.21724, 35.0758
10.0405, 4.85972, 34.2352
8.45758, 3.2152, 32.6618
6.95785, 2.27299, 30.7474
5.68166, 1.87798, 28.7536
4.68806, 1.85436, 26.8172
3.98015, 2.06609, 24.9976
3.53236, 2.42995, 23.3173
3.31064, 2.90769, 21.7866
3.28459, 3.49337, 20.415
3.43327, 4.20244, 19.2175
3.74715, 5.06367, 18.2192
4.22767, 6.11259, 17.461
4.88517, 7.38382, 17.0058
5.7348, 8.89865, 16.9467
6.789, 10.6427, 17.4125
8.04431, 12.5295, 18.5614
9.46027, 14.3518, 20.5458
10.932, 15.7455, 23.4253
12.2686, 16.2254, 27.0239
13.2061, 15.3703, 30.8113
13.4838, 13.1254, 33.9775
12.9686, 9.97715, 35.7929
11.7421, 6.74096, 36.011
10.0674, 4.10385, 34.9257
8.26331, 2.34603, 33.0728
6.58655, 1.39724, 30.9181
5.1843, 1.03676, 28.7408
4.1065, 1.04503, 26.6673
3.34137, 1.26439, 24.7394
2.84879, 1.60375, 22.9644
2.58289, 2.02336, 21.3403
2.50449, 2.51793, 19.8658
2.5864, 3.10414, 18.5446
2.81484, 3.81285, 17.3881
3.18903, 4.68477, 16.4191
3.71987, 5.76706, 15.6776
4.42802, 7.10829, 15.2292
5.34033, 8.74726, 15.1766
6.48287, 10.6893, 15.6706
7.86683, 12.8619, 16.9117
9.46342, 15.047, 19.1189
11.1664, 16.8125, 22.4272
12.7557, 17.5261, 26.6903
13.9001, 16.583, 31.2757
14.2531, 13.8532, 35.1192
13.6294, 9.9801, 37.2384
12.1364, 6.0746, 37.3447
10.1238, 3.02142, 35.9052
7.99856, 1.10433, 33.6617
6.06623, 0.14999, 31.1895
4.48188, -0.1656, 28.7861
3.2798, -0.125919, 26.5557
2.42509, 0.0815985, 24.5124
1.85567, 0.354724, 22.6418
1.50769, 0.649462, 20.9259
1.32764, 0.956741, 19.3504
1.27646, 1.28701, 17.9052
1.32952, 1.66172, 16.5845
1.47517, 2.1096, 15.3861
1.71312, 2.6661, 14.3134
2.05334, 3.37443, 13.3773
2.5157, 4.28732, 12.6016
3.12999, 5.46792, 12.0302
3.93586, 6.98747, 11.7405
4.98113, 8.91419, 11.8617
6.31529, 11.2832, 12.5988
7.97246, 14.0307, 14.2485
9.93477, 16.8768, 17.1699
12.0699, 19.1832, 21.6288
14.0603, 19.9413, 27.4397
15.4011, 18.1914, 33.5618
15.577, 13.8959, 38.2485
14.388, 8.37933, 40.1408
12.1263, 3.45054, 39.2812
9.38645, 0.127563, 36.7788
6.7223, -1.61146, 33.7612
4.45779, -2.27557, 30.8495
2.69444, -2.3751, 28.241
1.39725, -2.25598, 25.9372
0.472877, -2.11101, 23.8876
-0.182877, -2.03366, 22.0449
-0.663287, -2.06403, 20.3769
-1.04416, -2.21886, 18.8644
-1.38494, -2.50905, 17.4979
-1.73289, -2.9493, 16.2762
-2.12799, -3.56317, 15.2068
-2.6075, -4.38549, 14.3097
-3.20966, -5.46273, 13.6231
-3.97615, -6.84981, 13.2144
-4.95215, -8.59977, 13.1945
-6.18193, -10.7385, 13.7361
-7.69554, -13.212, 15.0854
-9.48024, -15.796, 17.5393
-11.4319, -17.9847, 21.3297
-13.2986, -18.9659, 26.3593
-14.6683, -17.8956, 31.874
-15.0864, -14.5465, 36.4772
-14.3061, -9.78925, 38.8642
-12.4787, -5.13224, 38.7368
-10.0708, -1.67949, 36.8308
-7.59383, 0.334727, 34.1477
-5.39923, 1.23912, 31.3667
-3.63858, 1.48126, 28.7773
-2.32018, 1.4077, 26.4428
-1.37958, 1.22936, 24.3417
-0.729421, 1.05515, 22.4374
-0.28601, 0.932505, 20.6993
0.0200853, 0.877137, 19.1056
0.242282, 0.891534, 17.641
0.420269, 0.975325, 16.2945
0.583648, 1.13074, 15.0577
0.755652, 1.36552, 13.9248
0.956471, 1.69467, 12.8926
1.20614, 2.14211, 11.9617
1.52715, 2.74251, 11.1387
1.94688, 3.54363, 10.4402
2.50002, 4.60841, 9.89928
3.23081, 6.01567, 9.57759
4.19412, 7.85506, 9.58458
5.45332, 10.2075, 10.1062
7.06953, 13.0924, 11.4394
9.07232, 16.3539, 14.0054
11.3976, 19.4702, 18.2631
13.7906, 21.3821, 24.3785
15.7301, 20.6971, 31.6194
16.5306, 16.6785, 38.0397
15.7267, 10.3783, 41.4727
13.4587, 4.14804, 41.3102
10.394, -0.272715, 38.7507
7.26937, -2.63929, 35.3763
4.5555, -3.56558, 32.1257
2.42014, -3.74267, 29.295
0.837088, -3.64318, 26.8767
-0.30455, -3.52691, 24.7885
-1.1339, -3.51855, 22.9598
-1.76814, -3.67236, 21.3477
-2.30337, -4.01241, 19.9338
-2.81559, -4.55463, 18.7187
-3.36545, -5.31719, 17.7204
-4.00331, -6.32316, 16.9774
-4.77274, -7.59645, 16.5541
-5.71101, -9.14924, 16.5494
-6.84455, -10.957, 17.1021
-8.17693, -12.9169, 18.3835
-9.66702, -14.7926, 20.5563
-11.1997, -16.1751, 23.673
-12.5641, -16.533, 27.5146
-13.4735, -15.4342, 31.4672
-13.6569, -12.8864, 34.64
-12.9986, -9.48974, 36.2951
-11.6194, -6.14056, 36.266
-9.82122, -3.52025, 34.9473
-7.94088, -1.84816, 32.9283
-6.23217, -0.995272, 30.6757
-4.82852, -0.709485, 28.4477
-3.76492, -0.762715, 26.3494
-3.01811, -0.999889, 24.4087
-2.54061, -1.3355, 22.6252
-2.28256, -1.73467, 20.9922
-2.20276, -2.19522, 19.5052
-2.27314, -2.73531, 18.1647
-2.4795, -3.38626, 16.9779
-2.82081, -4.18907, 15.9622
-3.30798, -5.19241, 15.1498
-3.96248, -6.44971, 14.5957
-4.8139, -8.01174, 14.3897
-5.89504, -9.90855, 14.6697
-7.23105, -12.112, 15.6325
-8.81803, -14.4702, 17.5219
-10.5867, -16.6208, 20.5573
-12.356, -17.943, 24.7536
-13.8082, -17.6938, 29.6594
-14.5467, -15.4445, 34.2424
-14.2712, -11.5799, 37.2757
-12.9736, -7.24225, 38.1058
-10.9645, -3.59233, 37.0171
-8.69591, -1.16709, 34.8187
-6.55019, 0.116793, 32.2426
-4.7445, 0.610235, 29.6994
-3.34618, 0.657231, 27.3415
-2.32993, 0.496904, 25.193
-1.62987, 0.265619, 23.2354
-1.17246, 0.0279068, 21.444
-0.892917, -0.194407, 19.7986
-0.74103, -0.402169, 18.2842
-0.681478, -0.607186, 16.8895
-0.691921, -0.826388, 15.6058
-0.760603, -1.0797, 14.4265
-0.88437, -1.39011, 13.3471
-1.0674, -1.78506, 12.3661
-1.32076, -2.29864, 11.4861
-1.66269, -2.97442, 10.7169
-2.11967, -3.86842, 10.0799
-2.7278, -5.05165, 9.61702
-3.53434, -6.60976, 9.40462
-4.59765, -8.63463, 9.57645
-5.98265, -11.1957, 10.3561
-7.7447, -14.2681, 12.0896
-9.88972, -17.5891, 15.237
-12.297, -20.4482, 20.2144
-14.6165, -21.5903, 26.9428
-16.2339, -19.6864, 34.2243
-16.4793, -14.5626, 39.8052
-15.0766, -7.94436, 41.8894
-12.4028, -2.20995, 40.6332
-9.21641, 1.43858, 37.5867
-6.18507, 3.1912, 34.1687
-3.6624, 3.76788, 31.0507
-1.72941, 3.79791, 28.3771
-0.316429, 3.67042, 26.0923
0.701204, 3.587, 24.1115
1.45156, 3.64022, 22.3734
2.04527, 3.86954, 20.8449
2.57126, 4.29407, 19.5156
3.09968, 4.92959, 18.3935
3.68706, 5.79557, 17.505
4.3809, 6.91498, 16.8996
5.22206, 8.30663, 16.6558
6.2432, 9.96769, 16.8892
7.46133, 11.8417, 17.7528
8.8616, 13.7704, 19.4168
10.372, 15.4429, 22.0032
11.8356, 16.3881, 25.4547
13.0047, 16.0978, 29.3783
13.5913, 14.3162, 33.0133
13.3863, 11.3278, 35.4997
12.3824, 7.90923, 36.3461
10.7938, 4.89033, 35.6705
8.94928, 2.73487, 33.9907
7.15086, 1.47844, 31.8507
5.59408, 0.919062, 29.6137
4.36248, 0.811639, 27.4572
3.46084, 0.964229, 25.4445
2.85318, 1.25777, 23.5886
2.49071, 1.63339, 21.8859
2.32811, 2.07363, 20.3318
2.33117, 2.58725, 18.9251
2.47922, 3.19964, 17.6707
2.76515, 3.94745, 16.5824
3.19436, 4.87583, 15.6867
3.78345, 6.03569, 15.03
4.55804, 7.47799, 14.688
5.5489, 9.2401, 14.779
6.78344, 11.3164, 15.4755
8.26868, 13.6042, 17.0018
9.9609, 15.8252, 19.588
11.723, 17.4582, 23.3339
13.2891, 17.7959, 27.9734
14.2878, 16.2682, 32.6842
14.375, 12.9505, 36.2745
13.433, 8.74546, 37.8506
11.6667, 4.85449, 37.3793
9.49001, 2.0399, 35.528
7.31462, 0.408074, 33.0741
5.41205, -0.320192, 30.5311
3.89642, -0.495502, 28.1269
2.77105, -0.388519, 25.9221
1.98311, -0.165059, 23.911
1.46236, 0.0903068, 22.0716
1.14256, 0.344492, 20.3836
0.970402, 0.593398, 18.8314
0.907615, 0.847991, 17.4037
0.929829, 1.12698, 16.0924
1.02451, 1.45389, 14.892
1.18906, 1.85676, 13.8004
1.42958, 2.36956, 12.8196
1.76046, 3.03446, 11.9587
2.2047, 3.90446, 11.2381
2.79482, 5.04547, 10.697
3.57375, 6.53584, 10.4069
4.59449, 8.45831, 10.491
5.91569, 10.8742, 11.1524
7.58704, 13.7609, 12.702
9.61433, 16.8875, 15.5499
11.8929, 19.6366, 20.0737
14.118, 20.9102, 26.2424
15.7476, 19.4905, 33.0765
16.1629, 15.0602, 38.6117
15.0509, 8.96934, 41.0868
12.6764, 3.37473, 40.3582
9.70505, -0.411974, 37.6902
6.7842, -2.37056, 34.4426
4.29581, -3.10266, 31.3563
2.35859, -3.21155, 28.6482
0.931406, -3.09803, 26.3019
-0.0934572, -2.98069, 24.2477
-0.835264, -2.96411, 22.4265
-1.40041, -3.09387, 20.8022
-1.87562, -3.39101, 19.3577
-2.32961, -3.87125, 18.0907
-2.81785, -4.55472, 17.0134
-3.38774, -5.4695, 16.1547
-4.08268, -6.65017, 15.5663
-4.94386, -8.13004, 15.3328
-6.00829, -9.92281, 15.5825
-7.30039, -11.987, 16.4937
-8.81337, -14.1675, 18.2793
-10.478, -16.1237, 21.1177
-12.1246, -17.2994, 24.9946
-13.4662, -17.0523, 29.487
-14.1529, -15.0237, 33.6844
-13.9215, -11.5444, 36.5178
-12.7599, -7.59007, 37.3919
-10.9333, -4.18344, 36.5033
-8.84043, -1.84435, 34.5307
-6.8325, -0.551061, 32.131
-5.12126, -0.0184865, 29.703
-3.78362, 0.0577931, 27.4147
-2.80826, -0.0998844, 25.3087
-2.14214, -0.360231, 23.3796
-1.72193, -0.660052, 21.6109
-1.49077, -0.979251, 19.9878
-1.40503, -1.32269, 18.4996
-1.43575, -1.70937, 17.1398
-1.56766, -2.16717, 15.9063
-1.79767, -2.73127, 14.8026
-2.13363, -3.44457, 13.84
-2.59367, -4.35909, 13.0422
-3.20604, -5.53649, 12.4537
-4.00871, -7.04534, 12.1514
-5.04733, -8.94973, 12.2631
-6.36856, -11.2793, 12.9894
-8.00292, -13.9648, 14.6172
-9.92906, -16.7264, 17.4877
-12.0141, -18.9429, 21.8429
-13.9482, -19.6496, 27.4863
-15.2461, -17.9437, 33.4113
-15.417, -13.8001, 37.9557
-14.2711, -8.47314, 39.8254
-12.0844, -3.68081, 39.0402
-9.42414, -0.412638, 36.6372
-6.82486, 1.32541, 33.6954
-4.60557, 2.00646, 30.8265
-2.87154, 2.11958, 28.2363
-1.59407, 2.00246, 25.9363
-0.685665, 1.84588, 23.882
-0.0466531, 1.7431, 22.0293
0.412826, 1.73381, 20.3466
0.765826, 1.83345, 18.8139
1.06925, 2.05043, 17.4199
1.36768, 2.39578, 16.1596
1.69799, 2.88834, 15.0347
2.09385, 3.55773, 14.0556
2.58954, 4.44591, 13.2458
3.22306, 5.60716, 12.6492
4.03796, 7.10435, 12.343
5.08268, 8.99666, 12.4545
6.40468, 11.3087, 13.183
8.03375, 13.9663, 14.8115
9.94687, 16.6862, 17.6729
12.0098, 18.8504, 21.9961
13.9144, 19.5117, 27.5727
15.1831, 17.7975, 33.4022
15.3378, 13.7012, 37.8579
14.198, 8.45731, 39.6854
12.0371, 3.74059, 38.9093
9.41125, 0.516053, 36.5404
6.84463, -1.2066, 33.632
4.65129, -1.88651, 30.7859
2.93616, -2.00175, 28.2083
1.67241, -1.88432, 25.9137
0.774888, -1.72264, 23.8607
0.146037, -1.60901, 22.0063
-0.302239, -1.5825, 20.3197
-0.641508, -1.65771, 18.7808
-0.927303, -1.84179, 17.3775
-1.20278, -2.14395, 16.1035
-1.50321, -2.58062, 14.9583
-1.86038, -3.17846, 13.9486
-2.30635, -3.97626, 13.0916
-2.87674, -5.02584, 12.422
-3.613, -6.39049, 12.0018
-4.56307, -8.13741, 11.9366
-5.77811, -10.3161, 12.3975
-7.30111, -12.9086, 13.6418
-9.13956, -15.7346, 16.007
-11.2142, -18.3137, 19.8161
-13.2883, -19.7773, 25.1053
-14.9279, -19.0842, 31.2039
-15.5978, -15.7468, 36.5891
-14.9455, -10.5689, 39.6233
-13.0704, -5.29898, 39.763
-10.4784, -1.33953, 37.7925
-7.76373, 0.963281, 34.9107
-5.34353, 1.98627, 31.9402
-3.39827, 2.26277, 29.218
-1.93811, 2.20191, 26.8036
-0.887917, 2.04885, 24.6598
-0.146172, 1.92933, 22.737
0.384414, 1.89982, 20.9975
0.785342, 1.98315, 19.4175
1.12093, 2.19017, 17.9831
1.44151, 2.53191, 16.6887
1.78809, 3.02628, 15.5358
2.19705, 3.70147, 14.5353
2.70431, 4.59771, 13.7116
3.34854, 5.76682, 13.1103
4.17295, 7.26784, 12.8101
5.22446, 9.15357, 12.9397
6.54723, 11.4386, 13.6972
8.16544, 14.0345, 15.3579
10.0481, 16.6442, 18.2331
12.053, 18.6504, 22.512
13.8713, 19.1464, 27.9407
15.0421, 17.3471, 33.5152
15.123, 13.322, 37.6922
13.9666, 8.27991, 39.3403
11.8509, 3.78341, 38.53
9.30715, 0.711297, 36.2195
6.82959, -0.93743, 33.3909
4.71386, -1.59267, 30.6086
3.05947, -1.70258, 28.0719
1.84173, -1.58059, 25.8003
0.980538, -1.40578, 23.7584
0.38375, -1.26594, 21.9075
-0.0318559, -1.19741, 20.2184
-0.33355, -1.21208, 18.6715
-0.572884, -1.31356, 17.2535
-0.788949, -1.50606, 15.9555
-1.01249, -1.79922, 14.7725
-1.26985, -2.21088, 13.7033
-1.58659, -2.76918, 12.7529
//пример данных для проверки работоспособности алгоритма к-средних
